0 -0.298675 -0.298204 -0.298675 -0.300085 -0.302428 -0.305687 -0.309841
-0.314867 -0.320733 -0.327401 -0.334832 -0.34298 -0.351794 -0.361219
-0.371196 -0.381665 -0.39256 -0.403814 -0.415356 -0.427116 -0.43902
-0.450993 -0.46296 -0.474848 -0.48658 -0.498085 -0.50929 -0.520124
-0.530519 -0.540408 -0.54973 -0.558422 -0.566433 -0.573708 -0.5802
-0.585869 -0.590674 0.297089 0.33969 0.382291 0.396491 0.410691 0.552693
0.563343 0.637895 0.637895 0.637895 0.723096 0.730196 0.737296 0.786997
0.818947 1 1 1 0.936099 0.914799 0.850898 0.843798 0.836698 0.829598
0.818947 0.786997 0.772797 0.758596 0.744396 0.740136 0.735876 0.731616
0.727356 0.680495 0.673395 0.666295 0.659195 0.646415 0.633635 0.620854
0.608074 0.595294 0.584644 0.573994 0.563344 0.552693 0.542043 0.531393
0.520743 0.510093 0.478142 0.446192 0.424891 0.403591 0.382291 0.33969
0.29709 0.282889 0.268689 0.254489 0.211888 0.147987 0.140887 0.133787
0.062786 0.0485858 0.0343855 0.0201853 0.00953516 -0.0437156 -0.0508157
-0.0579159 -0.0863163 -0.0969664 -0.150217 -0.171518 -0.192818 -0.235419
-0.246069 -0.32062 -0.32772 -0.33482 -0.32062 -0.31352 -0.30642 -0.29932
-0.278019 -0.256719 -0.235419 -0.214118 -0.192818 -0.171518 -0.150217
-0.136017 -0.121817 -0.107617 -0.0792162 -0.0508158 -0.0224153 -0.00644007
0.00953517 0.0255104 0.0414857 0.0574609 0.0734361 0.0894114 0.105387
0.121362 0.137337 0.153312 0.169288 0.190588 0.211888 0.233189 0.254489
0.275789 0.29709 0.31839 0.33969 0.35247 0.365251 0.378031 0.390811
0.403591 0.416371 0.429152 0.441932 0.454712 0.467492 0.481692 0.495893
0.510093 0.527133 0.544173 0.561214 0.578254 0.595294 0.608074 0.620854
0.633635 0.646415 0.659195 0.671975 0.684755 0.697536 0.710316 0.744396
0.751496 0.758596 0.765697 0.765697 0.765697 0.765697 0.765697 0.744396
0.744396 0.744396 0.744396 0.744396 0.744396 0.744396 0.744396 0.723096
0.723096 0.723096 0.715996 0.708896 0.701796 0.694696 0.687595 0.659195
0.637895 0.616594 0.602394 0.588194 0.573994 0.542043 0.510093 0.495893
0.481692 0.467492 0.435542 0.403591 0.382291 0.360991 0.33969 0.31839
0.29709 0.275789 0.243839 0.211888 0.183488 0.155087 0.126687 0.109647
0.0926065 0.0755663 0.058526 0.0414858 0.0130853 -0.0153151 -0.0437155
-0.0863162 -0.128917 -0.141697 -0.154477 -0.167257 -0.180038 -0.192818
-0.207018 -0.221218 -0.256719 -0.278019 -0.299319 -0.30642 -0.31352
-0.32062 -0.32772 -0.33482 -0.34192 -0.35257 -0.36322 -0.36322 -0.36322
-0.384521 -0.384521 -0.384521 -0.384521 -0.384521 -0.384521 -0.384521
-0.384521 -0.380971 -0.377421 -0.373871 -0.370321 -0.36677 -0.36322
-0.35896 -0.3547 -0.35044 -0.34618 -0.34192 -0.33127 -0.32062 -0.312874
-0.305129 -0.297383 -0.289637 -0.281892 -0.274146 -0.266401 -0.258655
-0.25091 -0.243164 -0.235418 -0.22629 -0.217161 -0.208032 -0.198904
-0.189775 -0.180646 -0.171518 -0.162997 -0.154477 -0.145957 -0.137437
-0.128917 -0.123592 -0.118267 -0.112942 -0.107617 -0.102291 -0.0969664
-0.0916413 -0.0863162 -0.0777961 -0.069276 -0.0607558 -0.0522357 -0.0437156
-0.0351954 -0.0266753 -0.0181552 -0.00963505 -0.00111492 0.0130853
0.0272855 0.0414857 0.0414857 0.0414857 0.0414857 0.0627861 0.0840864
0.0982866 0.112487 0.126687 0.137337 0.147987 0.147987 0.147987 0.169288
0.183488 0.197688 0.233189 0.237449 0.241709 0.245969 0.250229 0.254489
0.286439 0.31839 0.32691 0.33543 0.34395 0.35247 0.382291 0.396491
0.410691 0.424892 0.431992 0.439092 0.446192 0.456842 0.467492 0.467492
0.467492 0.488792 0.488792 0.488792 0.488792 0.488792 0.488792 0.488792
0.488792 0.488792 0.488792 0.488792 0.484532 0.480272 0.476012 0.471752
0.467492 0.458972 0.450452 0.441932 0.433412 0.424892 0.424892 0.424892
0.424892 0.414241 0.403591 0.392941 0.382291 0.371641 0.360991 0.35034
0.33969 0.32691 0.31413 0.30135 0.288569 0.275789 0.254489 0.233189
0.218988 0.204788 0.190588 0.177808 0.165028 0.152247 0.139467 0.126687
0.119587 0.112487 0.105387 0.0947365 0.0414857 0.0343856 0.0272855
-0.00111493 -0.0330654 -0.0650159 -0.072116 -0.0792161 -0.128917 -0.171518
-0.214118 -0.228318 -0.242519 -0.256719 -0.270919 -0.285119 -0.299319
-0.33127 -0.36322 -0.391621 -0.420021 -0.448422 -0.469722 -0.512323
-0.512323 -0.512323 -0.512323 -0.519423 -0.526523 -0.512323 -0.491022
-0.469722 -0.462622 -0.455522 -0.427121 -0.405821 -0.384521 -0.36322
-0.34192 -0.32062 -0.299319 -0.278019 -0.270919 -0.263819 -0.256719
-0.235418 -0.214118 -0.192818 -0.175778 -0.158737 -0.141697 -0.124657
-0.0224153 -0.00111494 0.0201854 0.0272855 0.0343856 0.062786 0.0734362
0.147987 0.169288 0.190588 0.211888 0.218988 0.226089 0.233189 0.243839
0.360991 0.375191 0.389391 0.424892 0.435542 0.467492 0.467492 0.467492
0.531393 0.531393 0.573994 0.581094 0.588194 0.637895 0.644995 0.652095
0.701796 0.701796 0.723096 0.723096 0.723096 0.744396 0.744396 0.744396
0.744396 0.744396 0.744396 0.744396 0.744396 0.744396 0.744396 0.723096
-0.298675;
