0 -0.200316 -0.2 -0.200316 -0.201262 -0.202833 -0.205019 -0.207805
-0.211176 -0.21511 -0.219582 -0.224566 -0.230031 -0.235942 -0.242263
-0.248955 -0.255976 -0.263283 -0.270831 -0.278572 -0.286459 -0.294443
-0.302473 -0.310499 -0.318472 -0.326341 -0.334057 -0.341572 -0.348838
-0.35581 -0.362442 -0.368694 -0.374524 -0.379897 -0.384776 -0.38913
-0.392932 -0.396155 0.199253 0.227824 0.256396 0.26592 0.275443 0.370682
0.377825 0.427825 0.427825 0.427825 0.484968 0.48973 0.494492 0.527825
0.549254 0.670683 0.670683 0.670683 0.627825 0.61354 0.570682 0.56592
0.561159 0.556397 0.549254 0.527825 0.518301 0.508777 0.499254 0.496396
0.493539 0.490682 0.487825 0.456396 0.451634 0.446873 0.442111 0.433539
0.424968 0.416396 0.407825 0.399253 0.39211 0.384968 0.377825 0.370682
0.363539 0.356396 0.349253 0.34211 0.320682 0.299253 0.284967 0.270682
0.256396 0.227824 0.199253 0.189729 0.180205 0.170681 0.14211 0.0992525
0.0944906 0.0897286 0.0421095 0.0325856 0.0230618 0.0135379 0.00639507
-0.0293193 -0.0340812 -0.0388432 -0.0578908 -0.0650337 -0.100748 -0.115034
-0.12932 -0.157891 -0.165034 -0.215034 -0.219796 -0.224558 -0.215034
-0.210272 -0.20551 -0.200748 -0.186463 -0.172177 -0.157891 -0.143605
-0.12932 -0.115034 -0.100748 -0.0912243 -0.0817004 -0.0721766 -0.0531289
-0.0340812 -0.0150336 -0.00431924 0.00639507 0.0171094 0.0278237 0.038538
0.0492523 0.0599667 0.070681 0.0813953 0.0921096 0.102824 0.113538
0.127824 0.14211 0.156395 0.170681 0.184967 0.199253 0.213539 0.227824
0.236396 0.244967 0.253539 0.26211 0.270682 0.279253 0.287824 0.296396
0.304967 0.313539 0.323063 0.332586 0.34211 0.353539 0.364968 0.376396
0.387825 0.399253 0.407825 0.416396 0.424968 0.433539 0.442111 0.450682
0.459254 0.467825 0.476396 0.499254 0.504016 0.508777 0.513539 0.513539
0.513539 0.513539 0.513539 0.499254 0.499254 0.499254 0.499254 0.499254
0.499254 0.499254 0.499254 0.484968 0.484968 0.484968 0.480206 0.475444
0.470682 0.46592 0.461158 0.442111 0.427825 0.413539 0.404015 0.394491
0.384968 0.363539 0.34211 0.332587 0.323063 0.313539 0.29211 0.270682
0.256396 0.24211 0.227824 0.213539 0.199253 0.184967 0.163538 0.14211
0.123062 0.104014 0.0849668 0.0735382 0.0621096 0.050681 0.0392524
0.0278238 0.0087761 -0.0102716 -0.0293192 -0.0578908 -0.0864623 -0.0950337
-0.103605 -0.112177 -0.120748 -0.12932 -0.138843 -0.148367 -0.172177
-0.186463 -0.200748 -0.20551 -0.210272 -0.215034 -0.219796 -0.224558
-0.22932 -0.236463 -0.243606 -0.243606 -0.243606 -0.257891 -0.257891
-0.257891 -0.257891 -0.257891 -0.257891 -0.257891 -0.257891 -0.25551
-0.253129 -0.250748 -0.248368 -0.245987 -0.243606 -0.240748 -0.237891
-0.235034 -0.232177 -0.22932 -0.222177 -0.215034 -0.209839 -0.204644
-0.19945 -0.194255 -0.18906 -0.183865 -0.17867 -0.173476 -0.168281
-0.163086 -0.157891 -0.151769 -0.145646 -0.139524 -0.133401 -0.127279
-0.121156 -0.115034 -0.10932 -0.103605 -0.0978909 -0.0921766 -0.0864623
-0.0828908 -0.0793194 -0.075748 -0.0721765 -0.0686051 -0.0650337 -0.0614622
-0.0578908 -0.0521765 -0.0464622 -0.0407479 -0.0350336 -0.0293193 -0.023605
-0.0178907 -0.0121764 -0.00646206 -0.000747759 0.00877608 0.0182999
0.0278238 0.0278238 0.0278238 0.0278238 0.0421095 0.0563953 0.0659191
0.0754429 0.0849668 0.0921097 0.0992525 0.0992525 0.0992525 0.113538
0.123062 0.132586 0.156396 0.159253 0.16211 0.164967 0.167824 0.170681
0.19211 0.213539 0.219253 0.224967 0.230681 0.236396 0.256396 0.26592
0.275444 0.284967 0.289729 0.294491 0.299253 0.306396 0.313539 0.313539
0.313539 0.327825 0.327825 0.327825 0.327825 0.327825 0.327825 0.327825
0.327825 0.327825 0.327825 0.327825 0.324967 0.32211 0.319253 0.316396
0.313539 0.307825 0.30211 0.296396 0.290682 0.284967 0.284967 0.284967
0.284967 0.277824 0.270682 0.263539 0.256396 0.249253 0.24211 0.234967
0.227824 0.219253 0.210681 0.20211 0.193539 0.184967 0.170681 0.156396
0.146872 0.137348 0.127824 0.119253 0.110681 0.10211 0.0935382 0.0849668
0.0802049 0.0754429 0.070681 0.0635381 0.0278237 0.0230618 0.0182999
-0.000747763 -0.0221764 -0.043605 -0.0483669 -0.0531289 -0.0864623
-0.115034 -0.143605 -0.153129 -0.162653 -0.172177 -0.181701 -0.191225
-0.200748 -0.222177 -0.243606 -0.262653 -0.281701 -0.300749 -0.315034
-0.343606 -0.343606 -0.343606 -0.343606 -0.348368 -0.35313 -0.343606
-0.32932 -0.315034 -0.310272 -0.305511 -0.286463 -0.272177 -0.257891
-0.243606 -0.22932 -0.215034 -0.200748 -0.186463 -0.181701 -0.176939
-0.172177 -0.157891 -0.143605 -0.12932 -0.117891 -0.106462 -0.0950337
-0.0836051 -0.0150335 -0.000747769 0.013538 0.0182999 0.0230618 0.0421095
0.0492524 0.0992525 0.113538 0.127824 0.14211 0.146872 0.151634 0.156396
0.163538 0.24211 0.251634 0.261158 0.284967 0.29211 0.313539 0.313539
0.313539 0.356396 0.356396 0.384968 0.38973 0.394491 0.427825 0.432587
0.437349 0.470682 0.470682 0.484968 0.484968 0.484968 0.499254 0.499254
0.499254 0.499254 0.499254 0.499254 0.499254 0.499254 0.499254 0.499254
0.484968 -0.200316;
