0 0 0 0 0 0 0 0 0 0.328573 0.345716 0.348573 0.35143 0.354287 0.357144
0.357144 0.357144 0.357144 0.357144 0.357144 0.37143 0.37143 0.37143
0.37143 0.37143 0.37143 0.378573 0.385716 0.385716 0.385716 0.385716
0.385716 0.385716 0.385716 0.385716 0.385716 0.385716 0.385716 0.385716
0.385716 0.385716 0.385716 0.385716 0.385716 0.385716 0.385716 0.385716
0.385716 0.385716 0.385716 0.385716 0.385716 0.385716 0.385716 0.385716
0.385716 0.385716 0.385716 0.385716 0.385716 0.385716 0.385716 0.382858
0.380001 0.377144 0.374287 0.37143 0.369644 0.367858 0.366073 0.364287
0.362501 0.360716 0.35893 0.357144 0.353062 0.348981 0.344899 0.340818
0.336736 0.332654 0.328573 0.325715 0.322858 0.320001 0.317144 0.314287
0.310715 0.307144 0.303573 0.300001 0.29643 0.292858 0.289287 0.285715
0.282144 0.278572 0.275001 0.27143 0.267858 0.264287 0.260715 0.257144
0.253572 0.250001 0.246429 0.242858 0.239287 0.235715 0.232144 0.228572
0.226532 0.224491 0.22245 0.220409 0.218368 0.216327 0.214287 0.209525
0.204763 0.200001 0.200001 0.200001 0.195239 0.190477 0.185715 0.185715
0.185715 0.185715 0.178572 0.171429 0.171429 0.171429 0.171429 0.192858
0.200001 0.22381 0.233334 0.242858 0.278572 0.285715 0.328573 0.342858
0.357144 0.37143 0.385716 0.400001 0.428573 0.428573 0.619049 0.638097
0.657145 0.678573 0.700002 0.766669 0.776193 0.785717 0.785717 0.785717
0.785717 0.800002 0.814288 0.814288 0.814288 0.814288 0.814288 0.814288
0.79524 0.790478 0.785717 0.785717 0.785717 0.785717 0.785717 0.785717
0.777145 0.768574 0.760002 0.751431 0.742859 0.740002 0.737145 0.734288
0.731431 0.728574 0.724677 0.720781 0.716885 0.712989 0.709093 0.705197
0.701301 0.697405 0.693509 0.689612 0.685716 0.681431 0.677145 0.672859
0.668573 0.664288 0.660002 0.655716 0.65143 0.647144 0.642859 0.637364
0.63187 0.626375 0.620881 0.615386 0.609892 0.604397 0.598903 0.593408
0.587914 0.582419 0.576925 0.57143 0.564287 0.557144 0.550002 0.542859
0.535716 0.528573 0.52143 0.514287 0.507144 0.500001 0.494559 0.489117
0.483675 0.478233 0.47279 0.467348 0.461906 0.456464 0.451022 0.445579
0.440137 0.434695 0.429253 0.423811 0.418368 0.412926 0.407484 0.402042
0.3966 0.391157 0.385715 0.378096 0.370477 0.362858 0.355239 0.34762
0.340001 0.332382 0.324763 0.317144 0.309525 0.301905 0.294286 0.286667
0.279048 0.271429 0.264286 0.257144 0.250001 0.242858 0.235715 0.228572
0.221429 0.214286 0.207144 0.200001 0.194806 0.189611 0.184416 0.179221
0.174027 0.168832 0.163637 0.158442 0.153247 0.148052 0.142858 0.134694
0.126531 0.118368 0.110204 0.102041 0.0938778 0.0857145 0.0839288 0.0821431
0.0803574 0.0785717 0.0767859 0.0750002 0.0732145 0.0714288 0.0685716
0.0657145 0.0628573 0.0600002 0.057143 0.057143 0.057143 0.057143 0.0600002
0.0628573 0.0657145 0.0685716 0.0714288 0.0761907 0.0809526 0.0857145
0.0857145 0.0857145 0.0857145 0.0857145 0.0857145 0.1 0.114286 0.117857
0.121429 0.125 0.128572 0.132143 0.135715 0.139286 0.142858 0.145715
0.148572 0.151429 0.154286 0.157143 0.160715 0.164286 0.167858 0.171429
0.175 0.178572 0.182143 0.185715 0.195239 0.204763 0.214286 0.221429
0.228572 0.238096 0.24762 0.257144 0.271429 0.285715 0.290477 0.295239
0.300001 0.308572 0.317144 0.325715 0.334287 0.342858 0.352382 0.361906
0.37143 0.392858 0.414287 0.428573 0.442858 0.457144 0.478573 0.500001
0.538097 0.547621 0.557144 0.67143 0.685716 0.728573 0.728573 0.728573
0.728573 0.728573 0.728573 0.728573 0.728573 0.728573 0.728573 0.728573
0.728573 0.728573 0.723811 0.719049 0.714288 0.707145 0.700002 0.700002
0.700002 0.700002 0.685716 0.685716 0.685716 0.678573 0.67143 0.666668
0.661906 0.657145 0.640002 0.637145 0.634287 0.63143 0.628573 0.62143
0.614287 0.59524 0.590478 0.585716 0.580954 0.576192 0.57143 0.565716
0.560002 0.554287 0.548573 0.542859 0.535716 0.528573 0.522859 0.517144
0.51143 0.505716 0.500001 0.485716 0.47143 0.457144 0.453573 0.450001
0.44643 0.442858 0.439287 0.435715 0.432144 0.428573 0.420001 0.41143
0.402858 0.394287 0.385715 0.380001 0.374287 0.368573 0.362858 0.357144
0.352382 0.34762 0.342858 0.337144 0.33143 0.325715 0.320001 0.314287
0.308572 0.302858 0.297144 0.291429 0.285715 0.280001 0.274287 0.268572
0.262858 0.257144 0.251429 0.245715 0.240001 0.234286 0.228572 0.219643
0.210715 0.201786 0.192858 0.183929 0.175001 0.166072 0.157143 0.148572
0.14 0.131429 0.122858 0.114286 0.111429 0.108572 0.105715 0.102857
0.1 0.094286 0.0885717 0.0828574 0.0771431 0.0714288 0.0380953 0.0333334
0.0285715 0 0 0 0 0 0 0 0 0 0 0 0 0 0;
