0 -0.319515 -0.319515 -0.319515 -0.319515 -0.319515 -0.319515 -0.319515
-0.305229 -0.302372 -0.299515 -0.296658 -0.2938 -0.290943 -0.286181
-0.281419 -0.262372 -0.259515 -0.256657 -0.2538 -0.250943 -0.248086
-0.244515 -0.240943 -0.237372 -0.2338 -0.230229 -0.226657 -0.223086
-0.219514 -0.212372 -0.205229 -0.200467 -0.195705 -0.190943 -0.186181
-0.181419 -0.176657 -0.1738 -0.170943 -0.168086 -0.165229 -0.162371
-0.159514 -0.156657 -0.1538 -0.150943 -0.148086 -0.144514 -0.140943
-0.137371 -0.1338 -0.130229 -0.126657 -0.123086 -0.119514 -0.117473
-0.115433 -0.113392 -0.111351 -0.10931 -0.107269 -0.105228 -0.101657
-0.0980856 -0.0945141 -0.0909427 -0.0873712 -0.0837998 -0.0802284 -0.0766569
-0.0730855 -0.0695141 -0.0659426 -0.0623712 -0.0587997 -0.0552283 -0.0516569
-0.0480854 -0.0480854 -0.0480854 -0.0457045 -0.0433235 -0.0409426 -0.0385616
-0.0361806 -0.0337997 -0.0309425 -0.0280854 -0.0252282 -0.0223711 -0.0195139
-0.0166568 -0.0137996 -0.0109425 -0.00808532 -0.00522816 0.00191471
0.00905759 0.00905759 0.00905759 0.00905759 0.0119147 0.0147719 0.017629
0.0204862 0.0233433 0.0281053 0.0328672 0.0376291 0.0376291 0.0376291
0.0471529 0.0566768 0.0662006 0.0733435 0.0804864 0.0804864 0.0804864
0.0804864 0.0852483 0.0900102 0.0947721 0.101915 0.109058 0.109058
0.109058 0.109058 0.116201 0.123344 0.123344 0.123344 0.123344 0.116201
0.109058 0.109058 0.109058 0.109058 0.104296 0.099534 0.0947721 0.091915
0.0890578 0.0862007 0.0833435 0.0804864 0.0804864 0.0804864 0.0757245
0.0709625 0.0662006 0.0614387 0.0566768 0.0519149 0.0490577 0.0462006
0.0433434 0.0404863 0.0376291 0.0335475 0.0294658 0.0253842 0.0213025
0.0172209 0.0131392 0.00905759 0.00429568 -0.000466242 -0.00522816
-0.00999008 -0.014752 -0.0195139 -0.0195139 -0.0195139 -0.0242758 -0.0290378
-0.0337997 -0.0366568 -0.039514 -0.0423711 -0.0452283 -0.0480854 -0.0552283
-0.0623712 -0.0623712 -0.0623712 -0.0623712 -0.0623712 -0.0623712 -0.0623712
-0.0623712 -0.0623712 -0.0623712 -0.0623712 -0.0623712 -0.0552283 -0.0480854
-0.0433235 -0.0385616 -0.0195139 -0.012371 -0.00522816 -0.000466242
0.00429568 0.00905759 0.00905759 0.00905759 0.00905759 0.0162005 0.0233434
0.0290577 0.034772 0.0404863 0.0462006 0.0519149 0.0566768 0.0614387
0.0662006 0.0733435 0.0804864 0.0804864 0.0804864 0.0804864 0.0852483
0.0900102 0.0947722 0.0976293 0.100486 0.103344 0.106201 0.109058 0.109058
0.109058 0.109058 0.109058 0.109058 0.116201 0.123344 0.123344 0.123344
0.123344 0.123344 0.123344 0.123344 0.123344 0.123344 0.128106 0.132867
0.137629 0.137629 0.137629 0.137629 0.137629 0.137629 0.137629 0.137629
0.137629 0.137629 0.137629 0.137629 0.137629 0.137629 0.137629 0.137629
0.137629 0.137629 0.137629 0.137629 0.137629 0.137629 0.137629 0.137629
0.132867 0.128106 0.123344 0.116201 0.109058 0.106201 0.103344 0.100486
0.0976293 0.0947721 0.0900102 0.0852483 0.0804864 0.0733435 0.0662006
0.0614387 0.0566768 0.0519149 0.0471529 0.042391 0.0376291 0.0304862
0.0233434 0.0185814 0.0138195 0.0090576 0.0090576 -0.00522816 -0.00999008
-0.014752 -0.0195139 -0.0195139 -0.0195139 -0.0242758 -0.0290378 -0.0337997
-0.0337997 -0.0337997 -0.0337997 -0.0366568 -0.039514 -0.0423711 -0.0452283
-0.0480854 -0.0480854 -0.0480854 -0.0480854 -0.0480854 -0.0480854 -0.0480854
-0.0480854 -0.0480854 -0.0480854 -0.0480854 -0.0452283 -0.0423711 -0.039514
-0.0366568 -0.0337997 -0.0337997 -0.0337997 -0.0337997 -0.0266568 -0.0195139
-0.0195139 -0.0195139 -0.0195139 -0.0166568 -0.0137996 -0.0109425 -0.00808531
-0.00522816 -0.00237101 0.000486141 0.00334329 0.00620044 0.00905759
0.0133433 0.017629 0.0219148 0.0262005 0.0304862 0.034772 0.0390577
0.0433434 0.0476291 0.0519149 0.0566768 0.0614387 0.0662006 0.0719149
0.0776292 0.0833435 0.0890578 0.0947721 0.100486 0.106201 0.111915
0.117629 0.123344 0.130487 0.137629 0.144772 0.151915 0.159058 0.166201
0.173344 0.180487 0.185249 0.19001 0.209058 0.223344 0.23763 0.242392
0.247154 0.251915 0.259058 0.266201 0.280487 0.294773 0.323344 0.328106
0.332868 0.351916 0.351916 0.33763 0.332868 0.328106 0.309058 0.301916
0.280487 0.270963 0.261439 0.251915 0.240487 0.229058 0.21763 0.206201
0.194772 0.186201 0.177629 0.169058 0.160487 0.151915 0.132867 0.11382
0.0947721 0.0862007 0.0776292 0.0690578 0.0604863 0.0519149 0.044772
0.0376291 0.0304862 0.0233434 0.0162005 0.0090576 0.00191472 -0.00522816
-0.012371 -0.0195139 -0.0242758 -0.0290377 -0.0337997 -0.0423711 -0.0509426
-0.059514 -0.0680855 -0.0766569 -0.0837998 -0.0909427 -0.0980856 -0.105228
-0.112371 -0.119514 -0.126657 -0.1338 -0.140943 -0.148086 -0.153443
-0.1588 -0.164157 -0.169514 -0.174871 -0.180229 -0.185586 -0.190943
-0.196657 -0.202372 -0.208086 -0.2138 -0.219515 -0.225229 -0.230943
-0.236657 -0.242372 -0.248086 -0.2538 -0.259515 -0.265229 -0.270943
-0.276657 -0.280229 -0.2838 -0.287372 -0.290943 -0.294515 -0.298086
-0.301658 -0.305229 -0.3088 -0.312372 -0.315943 -0.319515 -0.323086
-0.326658 -0.330229 -0.333801 -0.336658 -0.339515 -0.342372 -0.345229
-0.348086 -0.348086 -0.348086 -0.348086 -0.348086 -0.348086 -0.348086
-0.348086 -0.348086 -0.348086 -0.348086 -0.348086 -0.348086 -0.348086
-0.348086 -0.348086 -0.343324 -0.338562 -0.333801 -0.333801 -0.319515
;
