0 1 0 0 0 71.4284 142.857 214.285 285.714 321.428 392.856 535.713 589.285
642.856 696.427 749.998 785.713 857.141 892.855 964.284 999.998 1071.43
1178.57 1357.14 1428.57 1571.43 1750 1892.85 1982.14 2071.42 2321.42
2357.14 2535.71 2642.85 2785.71 2892.85 2999.99 3107.14 3142.85 3214.28
3321.42 3374.99 3428.56 3571.42 3607.14 3678.56 3821.42 3928.56 3892.85
2857.14 2071.42 1607.14 1428.57 1321.42 1250 1214.28 1178.57 1178.57
1178.57 1214.28 1250 1285.71 1321.42 1357.14 1392.85 1446.42 1500 1553.57
1607.14 1669.64 1732.14 1794.64 1857.14 1934.52 2011.9 2089.28 2166.66
2244.04 2321.42 2392.85 2464.28 2583.33 2702.37 2821.42 2910.71 2999.99
3089.28 3178.56 3267.85 3357.13 3464.28 3571.42 3678.56 3785.71 3871.42
3957.13 4042.85 4128.56 4214.28 4357.13 4999.99;
