0 1 120 693.333 109.333 120 617.333 222.667 426.667 402.667 660 118.667
120 628 128 122.667 608 145.333 112 465.333 414.667 877.333 856 865.333
873.333 890.667 417.333 350.667 397.333 422.667 393.333 384 365.333
366.667 362.667 398.667 364 358.667 408 358.667 353.333 362.667 161.333
154.667 182.667 440 358.667 384 356 368 414.667 325.333 522.667 141.333
150.667 145.333 409.333 589.333 606.667 553.333 196 153.333 166.667
189.333 473.333 588 808 996 1006.67 1122.67 1204 1193.33 1402.67 1253.33
1096 713.333 572 573.333 505.333 473.333 388 396 362.667 338.667 277.333
184 146.667 130.667 144 129.333 136 145.333 130.667 129.333 130.667
124 132 128 140 130.667 133.333;
