0 0 0 0 0 535.713 1250 2285.71 2928.56 4464.27 4642.84 4785.7 4857.13
4857.13 4857.13 4821.41 4785.7 4785.7 4785.7 4749.98 4678.56 4678.56
4642.84 4642.84 4607.13 4571.41 4571.41 4535.7 4499.98 4499.98 4464.27
4464.27 4464.27 4464.27 4464.27 4428.55 4428.55 4428.55 4392.84 4285.7
4035.7 1249.99 1249.99 1214.27 1178.56 1107.13 1107.13 1035.7 1035.7
999.989 1285.7 1857.13 2785.7 3249.98 3571.41 3892.84 4142.84 4428.55
4428.55 4428.55 4428.55 4428.55 4499.98 4499.98 4535.7 4535.7 4535.7
4571.41 4571.41 4571.41 4571.41 4571.41 4571.41 4571.41 4571.41 4607.12
4624.98 4642.84 4642.84 4642.84 4642.84 4642.84 3178.56 2607.13 2178.56
2142.84 2128.56 2114.27 2099.99 2085.7 2071.42 2059.51 2047.61 2035.7
2023.8 2011.89 1999.99 1999.99 1999.99 1999.99 2035.7;
