0 0 0 0 2250 3107.14 3607.14 3999.99 4678.56 5142.85 5642.85 5999.99
6678.56 7035.7 6964.27 6714.27 6428.56 6071.41 5821.42 5035.7 4428.56
4071.42 3321.42 2892.85 1607.14 1285.71 1714.28 2249.99 3249.99 3749.99
4857.13 5285.7 5678.56 6071.42 6392.84 6857.13 7035.7 7249.99 7392.84
7392.84 7428.56 7428.56 7464.27 7499.99 7499.99 7499.99 7499.99 7499.99
7499.99 7499.99 7499.99 7499.99 7499.99 7499.99 7499.99 7499.99 7499.99
7499.99 7499.99 7499.99 7464.27 7464.27 7214.27 6785.7 5999.99 2428.57
2071.43 1535.71 1303.57 1071.43 714.287 392.859 -1607.14 -1821.42 -2035.71
-2178.56 -2214.28 -2214.28 -2214.28 -2214.28 -2214.28 -2214.28 -2214.28
-2178.56 -2178.56 -2178.56 -2178.56 -2178.56 -2142.85 -2142.85 -2142.85
-2142.85 -2142.85 -2178.56 -2178.56 -2178.56 -2142.85 -2142.85 -2142.85
-2142.85 -2178.56;
