0 1 230.667 345.333 244 240 244 114.667 240 230.667 225.333 369.333
220 225.333 224 105.333 236 230.667 225.333 350.667 213.333 209.333
221.333 121.333 236 232 221.333 344 192 224 225.333 108 236 136 113.333
241.333 330.667 220 224 216 120 230.667 230.667 240 356 230.667 234.667
209.333 120 234.667 232 229.333 352 225.333 230.667 208 136 234.667
214.667 230.667 330.667 208 226.667 178.667 126.667 229.333 253.333
106.667 150.667 101.333 261.333 254.667 244 224 116 234.667 236 120
129.333 161.333 204 262.667 256 217.333 102.667 256 245.333 112 152
128 242.667 256 249.333 206.667 112 245.333 265.333 490.667 480 481.333
478.667;
0 1 266.381 337.81 444.952 623.523 694.952 802.094 873.523 909.237
909.237 909.237 909.237 873.523 694.952 444.952 230.667 123.524 266.381
730.666 1016.38 1337.81 1444.95 1444.95 1373.52 1194.95 1159.24 873.523
802.094 766.38 909.237 1123.52 1337.81 1480.66 1694.95 1730.66 1694.95
1623.52 1480.66 1266.38 766.38 409.238 123.524 87.8103 123.524 159.239
337.81 373.524 480.667 516.381 516.381 409.238 337.81 230.667 302.096
480.667 444.952 337.81 337.81 373.524 409.238 480.667 516.381 552.095
587.809 623.524 480.667 373.524 373.524 409.238 516.381 552.095 516.381
444.953 337.81 302.096 266.382 266.382 302.096 337.81 409.238 623.524
587.809 516.381 409.238 409.238 409.238 444.953 2623.52 2552.09 2480.66
2337.81 2194.95 2052.09 1659.24 1016.38 373.525 302.096 302.096 337.81
373.525;
