0 1 230.667 345.333 244 240 244 114.667 240 230.667 225.333 369.333
220 225.333 224 105.333 236 230.667 225.333 350.667 213.333 209.333
221.333 121.333 236 232 221.333 344 192 224 225.333 108 236 136 113.333
241.333 330.667 220 224 216 120 230.667 230.667 240 356 230.667 234.667
209.333 120 234.667 232 229.333 352 225.333 230.667 208 136 234.667
214.667 230.667 330.667 208 226.667 178.667 126.667 229.333 253.333
106.667 150.667 101.333 261.333 254.667 244 224 116 234.667 236 120
129.333 161.333 204 262.667 256 217.333 102.667 256 245.333 112 152
128 242.667 256 249.333 206.667 112 245.333 265.333 490.667 480 481.333
478.667;
