0 1 330.667 133.333 118.667 136 386.667 454.667 437.333 413.333 416
393.333 229.333 449.333 113.333 329.333 478.667 406.667 420 413.333
401.333 222.667 328 360 176 100 165.333 586.667 430.667 429.333 389.333
261.333 358.667 113.333 220 520 86.6667 52 50.6667 50.6667 306.667
444 420 410.667 225.333 369.333 362.667 313.333 230.667 117.333 504
452 445.333 450.667 245.333 352 652 258.667 558.667 476 413.333 436
220 373.333 130.667 509.333 285.333 549.333 461.333 408 472 434.667
392 261.333 421.333 217.333 782.667 246.667 210.667 232 240 485.333
214.667 428 233.333 460 220 193.333 216 240 432 228 685.333 709.333
266.667 341.333 238.667 236 240 108 230.667;
