0 1657.24 1550.09 1514.38 1514.38 1478.66 1442.95 1407.24 1371.52 1335.81
1300.09 1300.09 1335.81 1657.24 1585.81 1478.66 1442.95 1442.95 1442.95
1478.66 1478.66 1478.66 1478.66 1478.66 1514.38 1835.81 1764.38 1692.95
1621.52 1585.81 1550.09 1442.95 1335.81 1300.09 1264.38 1192.95 1157.24
1121.52 1085.81 1050.09 942.951 907.237 871.523 835.808 764.38 1764.38
1728.66 1692.95 1639.38 1585.81 1550.09 1514.38 1442.95 1407.24 1335.81
1192.95 1121.52 1050.09 3050.09 3014.38 2960.8 2907.23 2835.8 2800.09
2728.66 2657.23 2597.71 2538.19 2478.66 2407.23 2335.81 2192.95 2050.09
1907.23 1800.09 2871.52 2764.38 2657.23 2532.23 2442.95 2335.81 2228.66
2139.38 2050.09 1978.66 1907.24 1764.38 1704.86 1645.33 1585.81 1496.52
1407.24 1353.67 1300.09 1181.05 1097.71 1014.38 907.238 835.809 728.667
585.81;
